TEST000000000000000000000000000000000000000000000000000000000
000000000111111111111111111111111111111111111111000000000
000000111111111111111111111111111111111111111111111000000
000001111111111111111111111111111111111111111111111100000
000011111111111111111111111111111111111111111111111110000
000111111111111111111111111111111111111111111111111111000
000111111111111111111111111111111111111111111111111111100
001111111111111111111111111111111111111111111111111111100
001111111111111111111111111111111111111111111111111111100
001111111111111111111111111111111111111111111111111111100
001111111111111111111111111111111111111111111111111111100
001111111111111111111111111111111111111111111111111111100
001111111111111111111111111111111111111111111111111111100
001111111111111111111111111111111111111111111111111111100
001111111111111111111111111111111111111111111111111111100
001111111111111111111111111111111111111111111111111111100
001111111111111111111111111111111111111111111111111111100
001111111111111111111111111111111111111111111111111111100
001111111111111111111111111111111111111111111111111111100
001111111111111111111111111111111111111111111111111111100
001111111111111111111111111111111111111111111111111111100
001111111111111111111111111111111111111111111111111111100
001111111111111111111111111111111111111111111111111111100
001111111111111111111111111111111111111111111111111111100
001111111111111111111111111111111111111111111111111111100
001111111111111111111111111111111111111111111111111111100
001111111111111111111111111111111111111111111111111111100
001111111111111111111111111111111111111111111111111111100
001111111111111111111111111111111111111111111111111111100
001111111111111111111111111111111111111111111111111111100
001111111111111111111111111111111111111111111111111111100
001111111111111111111111111111111111111111111111111111100
001111111111111111111111111111111111111111111111111111100
001111111111111111111111111111111111111111111111111111100
001111111111111111111111111111111111111111111111111111100
001111111111111111111111111111111111111111111111111111100
001111111111111111111111111111111111111111111111111111100
001111111111111111111111111111111111111111111111111111100
001111111111111111111111111111111111111111111111111111100
001111111111111111111111111111111111111111111111111111100
001111111111111111111111111111111111111111111111111111100
001111111111111111111111111111111111111111111111111111100
001111111111111111111111111111111111111111111111111111100
001111111111111111111111111111111111111111111111111111100
001111111111111111111111111111111111111111111111111111100
001111111111111111111111111111111111111111111111111111100
001111111111111111111111111111111111111111111111111111100
001111111111111111111111111111111111111111111111111111100
001111111111111111111111111111111111111111111111111111100
001111111111111111111111111111111111111111111111111111100
001111111111111111111111111111111111111111111111111111100
001111111111111111111111111111111111111111111111111111100
001111111111111111111111111111111111111111111111111111100
001111111111111111111111111111111111111111111111111111100
001111111111111111111111111111111111111111111111111111100
001111111111111111111111111111111111111111111111111111100
001111111111111111111111111111111111111111111111111111100
000111111111111111111111111111111111111111111111111111100
000111111111111111111111111111111111111111111111111111000
000111111111111111111111111111111111111111111111111111000
000011111111111111111111111111111111111111111111111110000
000001111111111111111111111111111111111111111111111100000
000000011111111111111111111111111111111111111111111000000
000000000000000000000000000000000000000000000000000000000
000000000000000000000000000000000000000000000000000000000
